{"nbformat":4,"nbformat_minor":0,"metadata":{"colab":{"provenance":[],"authorship_tag":"ABX9TyPY5gbrJH5mW8+0KfxUdrUh"},"kernelspec":{"name":"python3","display_name":"Python 3"},"language_info":{"name":"python"}},"cells":[{"cell_type":"code","execution_count":1,"metadata":{"colab":{"base_uri":"https://localhost:8080/"},"id":"flkPVnRtOHFB","executionInfo":{"status":"ok","timestamp":1761745626493,"user_tz":-480,"elapsed":21,"user":{"displayName":"Jun Bin Lim","userId":"14527454752647156370"}},"outputId":"d86fc07a-711c-45a1-9b38-0d2bf3e6cb35"},"outputs":[{"output_type":"stream","name":"stdout","text":["[[10 10]\n"," [10 10]]\n"]}],"source":["import numpy as np\n","\n","#Question 1\n","arrayQ1 = np.full((2,2),10)\n","print(arrayQ1)"]},{"cell_type":"code","source":["#Question 2\n","arrayQ2 = np.random.random((3,4))\n","print(arrayQ2)"],"metadata":{"colab":{"base_uri":"https://localhost:8080/"},"id":"OcJKEF1vOPD5","executionInfo":{"status":"ok","timestamp":1761745636198,"user_tz":-480,"elapsed":18,"user":{"displayName":"Jun Bin Lim","userId":"14527454752647156370"}},"outputId":"53270b59-0abf-45f3-89f4-155472943dc9"},"execution_count":2,"outputs":[{"output_type":"stream","name":"stdout","text":["[[0.05873893 0.12558961 0.53325611 0.93082056]\n"," [0.96949089 0.89388056 0.38529403 0.92145079]\n"," [0.0295467  0.34477511 0.50540163 0.20485755]]\n"]}]},{"cell_type":"code","source":["#Question 3\n","arrayQ3one = np.ones((3,8))\n","arrayQ3zero = np.zeros((5,3))\n","print(\"Array of ones: \\n\",arrayQ3one)\n","print(\"\\nArray of zeros: \\n\", arrayQ3zero)"],"metadata":{"colab":{"base_uri":"https://localhost:8080/"},"id":"vx_kb1KUORQw","executionInfo":{"status":"ok","timestamp":1761745648452,"user_tz":-480,"elapsed":24,"user":{"displayName":"Jun Bin Lim","userId":"14527454752647156370"}},"outputId":"2e1d7a00-29e2-4f62-9ef5-96aa4019bde6"},"execution_count":3,"outputs":[{"output_type":"stream","name":"stdout","text":["Array of ones: \n"," [[1. 1. 1. 1. 1. 1. 1. 1.]\n"," [1. 1. 1. 1. 1. 1. 1. 1.]\n"," [1. 1. 1. 1. 1. 1. 1. 1.]]\n","\n","Array of zeros: \n"," [[0. 0. 0.]\n"," [0. 0. 0.]\n"," [0. 0. 0.]\n"," [0. 0. 0.]\n"," [0. 0. 0.]]\n"]}]},{"cell_type":"code","source":["#Question 4\n","arrayQ4 = np.random.random((6,3))\n","print(\"Array before transpose: \\n\",arrayQ4)\n","print(\"\\nArray after transpose: \\n\",arrayQ4.T)"],"metadata":{"colab":{"base_uri":"https://localhost:8080/"},"id":"kFlMeQOqOUVs","executionInfo":{"status":"ok","timestamp":1761745658380,"user_tz":-480,"elapsed":53,"user":{"displayName":"Jun Bin Lim","userId":"14527454752647156370"}},"outputId":"2d0d13c8-8f04-4aec-cc3e-28d0ca4fd378"},"execution_count":4,"outputs":[{"output_type":"stream","name":"stdout","text":["Array before transpose: \n"," [[0.69398145 0.77611331 0.939352  ]\n"," [0.65700014 0.19925325 0.29156216]\n"," [0.83404351 0.89552989 0.11113478]\n"," [0.92294953 0.05717278 0.7499998 ]\n"," [0.17263209 0.19497955 0.24509541]\n"," [0.08018291 0.98077738 0.45058421]]\n","\n","Array after transpose: \n"," [[0.69398145 0.65700014 0.83404351 0.92294953 0.17263209 0.08018291]\n"," [0.77611331 0.19925325 0.89552989 0.05717278 0.19497955 0.98077738]\n"," [0.939352   0.29156216 0.11113478 0.7499998  0.24509541 0.45058421]]\n"]}]},{"cell_type":"code","source":["#Question 5\n","n = int(input(\"Enter n: \"))\n","p = int(input(\"Enter p: \"))\n","m = int(input(\"Enter m: \"))\n","arrayQ5np = np.random.random((n,p))\n","arrayQ5pm = np.random.random((p,m))\n","print(\"\\nFirst array: \\n\",arrayQ5np)\n","print(\"\\nSecond array: \\n\",arrayQ5pm)\n","print(\"\\nDot Product: \\n\",np.dot(arrayQ5np,arrayQ5pm))"],"metadata":{"colab":{"base_uri":"https://localhost:8080/"},"id":"oOMN1q5sOWsb","executionInfo":{"status":"ok","timestamp":1761745675060,"user_tz":-480,"elapsed":5542,"user":{"displayName":"Jun Bin Lim","userId":"14527454752647156370"}},"outputId":"55a2f668-cf54-4fd6-f40c-72ac3dfa8c8f"},"execution_count":5,"outputs":[{"output_type":"stream","name":"stdout","text":["Enter n: 2\n","Enter p: 3\n","Enter m: 4\n","\n","First array: \n"," [[0.94261084 0.53631038 0.08103989]\n"," [0.69831568 0.77973215 0.49335278]]\n","\n","Second array: \n"," [[0.30508347 0.73756148 0.89372453 0.57223219]\n"," [0.4230282  0.40125152 0.83658575 0.62569748]\n"," [0.20834427 0.9804745  0.44004291 0.74663841]]\n","\n","Dot Product: \n"," [[0.5313336  0.98988635 1.32676507 0.93546781]\n"," [0.64568049 1.31163927 1.49351105 1.25583128]]\n"]}]},{"cell_type":"code","source":["from google.colab import drive\n","drive.mount('/content/drive')\n","%cd '/content/drive/MyDrive/git_repos/data-science-toolkit'\n","!mv \"../../Colab Notebooks/Tuto_3_clean.ipynb\" \"./\"\n","!git config --global user.email \"limjunbin05@gmail.com\"\n","!git config --global user.name \"JunBin05\""],"metadata":{"colab":{"base_uri":"https://localhost:8080/"},"id":"u3bfSlX3Oa-5","executionInfo":{"status":"ok","timestamp":1761745841075,"user_tz":-480,"elapsed":81691,"user":{"displayName":"Jun Bin Lim","userId":"14527454752647156370"}},"outputId":"b17e1304-8cb9-468d-f014-c36442edae98"},"execution_count":6,"outputs":[{"output_type":"stream","name":"stdout","text":["Mounted at /content/drive\n","/content/drive/MyDrive/git_repos/data-science-toolkit\n"]}]},{"cell_type":"code","source":["import os\n","os.environ[\"GITHUB_TOKEN\"] = \"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\""],"metadata":{"id":"hqLdzfONPIhi","executionInfo":{"status":"ok","timestamp":1761745925188,"user_tz":-480,"elapsed":6,"user":{"displayName":"Jun Bin Lim","userId":"14527454752647156370"}}},"execution_count":8,"outputs":[]},{"cell_type":"code","source":["!git add Tuto_3_clean.ipynb\n","!git commit -m \"Hope it can push Tuto 3\"\n","!git push"],"metadata":{"id":"T33oiPXaPYDa"},"execution_count":null,"outputs":[]}]}